35
91
118
71
70
72
7
11
88
114
71
68
71
14
106
81
44
80
97
86
58
115
75
112
77
15
83
114
98
93
18
55
69
52
60
127
99
131
46
91
101
44
20
97
54
1
8
124
64
41
52
80
107
64
12
43
78
34
96
113
90
36
129
121
118
74
5
127
13
104
19
21
126
97
75
23
67
56
48
87
0
98
72
64
29
41
20
74
73
131
52
84
73
131
47
53
91
21
109
56
51
130
93
99
128
68
47
25
7
16
131
131
24
14
116
79
122
131
62
107
72
40
128
125
7
43
18
19
62
96
65
1
131
42
26
89
75
104
24
11
27
111
9
92
122
70
2
35
22
47
111
33
1
40
131
57
70
24
92
80
131
74
61
103
34
124
115
84
45
131
109
86
2
66
54
76
32
35
40
59
91
35
98
22
82
17
10
27
60
23
13
60
116
73
14
75
131
108
131
109
94
110
131
47
18
56
55
30
29
88
117
58
121
8
38
58
78
32
124
14
131
128
45
94
71
79
21
117
28
51
21
59
65
127
131
12
103
3
48
127
68
32
94
36
20
53
131
59
112
123
39
62
69
102
94
130
100
19
49
8
129
19
100
83
40
67
57
121
72
82
89
34
88
98
9
5
76
101
88
81
22
33
87
115
30
102
124
109
116
58
108
130
59
119
119
126
21
102
5
31
45
46
118
102
15
42
131
26
76
26
51
39
32
76
131
12
108
82
118
73
84
62
131
131
15
108
27
104
15
26
10
123
48
38
6
68
36
36
90
78
80
1
17
63
129
83
108
85
56
2
44
37
57
53
126
57
77
61
130
131
78
40
76
120
112
39
10
107
43
125
123
74
41
47
131
73
17
126
102
37
110
113
131
131
115
113
49
105
63
27
25
113
99
130
90
95
63
13
26
110
65
31
33
79
131
63
79
131
41
109
112
25
70
86
106
131
28
3
37
39
9
115
107
4
29
20
126
131
24
124
17
131
89
85
5
55
38
15
10
18
86
95
50
111
61
122
60
93
68
117
58
12
116
93
90
114
118
92
28
54
129
51
64
2
67
19
69
4
131
16
36
77
131
54
48
104
49
78
13
85
99
100
31
79
106
45
33
7
131
23
87
92
16
59
56
49
30
98
52
60
128
89
94
42
24
32
63
42
41
75
110
11
33
50
8
7
106
31
131
50
66
38
131
25
6
119
12
101
120
105
93
131
61
85
50
80
131
91
116
22
119
81
131
96
16
127
74
77
131
46
114
125
37
100
44
114
62
70
123
34
103
99
5
81
122
67
66
131
64
52
95
44
97
61
43
72
54
92
55
131
101
49
28
3
1
105
35
128
131
3
117
69
105
131
27
120
131
84
131
131
29
125
120
100
39
23
17
105
87
112
53
37
95
121
120
121
90
4
103
107
66
131
113
65
97
119
16
2
66
85
30
11
6
131
34
10
83
69
22
3
13
104
20
67
131
86
50
6
18
65
48
103
88
4
101
111
29
71
43
11
125
46
81
129
6
23
31
45
95
83
55
106
82
77
38
96
9
28
131
9
131
25
84
82
96
87
53
51
123
110
57
30
4
14
46
89
117
8
122
111
42